== Nombres de Carmichael

561
1105
1729
2465
2821
6601
8911
41041
62745
63973
75361
101101
126217
172081
188461
278545
340561
825265
321197185
5394826801
232250619601
9746347772161

== Nombres de Poulet qui ne sont pas des nombres de Carmichael

341
645
1387
1905
2047
2701
3277
4033
4369
4371
4681
5461
7957
8321
8481
10261
11305
12801
13741
13747
13981
14491
15709
16705
18705
18721
19951
23001
23377
25761
30121
30889
31417
31609
31621
33153
34945
35333
39865

== Nombres premiers

2
3
5
7
11
13
17
19
23
29
31
37
41
43
47
53
59
61
67
71
73
79
83
89
97

== Nombres à tester

1833 3 * 611 Pas un nombre de Carmichael

== Listes de l'OEIS

=== A006931 (https://oeis.org/A006931/list)

A006931 = [561,41041,825265,321197185,5394826801,
 232250619601,9746347772161,1436697831295441,
 60977817398996785,7156857700403137441,
 1791562810662585767521,87674969936234821377601,
 6553130926752006031481761,
 1590231231043178376951698401]

=== A074379 (https://oeis.org/A074379/list)

A074379 = [41041,62745,63973,75361,101101,126217,172081,
 188461,278545,340561,449065,552721,656601,658801,
 670033,748657,838201,852841,997633,1033669,
 1082809,1569457,1773289,2100901,2113921,2433601,
 2455921]

=== A002997 (https://oeis.org/A002997)

A002997 = [561,1105,1729,2465,2821,6601,8911,10585,15841,
 29341,41041,46657,52633,62745,63973,75361,101101,
 115921,126217,162401,172081,188461,252601,278545,
 294409,314821,334153,340561,399001,410041,449065,
 488881,512461]
